inc_signals <-
structure(c(1605232842.9850669, 1605232865.6203279, 1605232901.0800149, 
1605232905.412792, 1605232909.6301301, 1605232951.386822, 1605232975.9846101, 
1605232987.450964, 1605232996.99084, 1605233003.3213201, 1605233016.1313009, 
1605233027.053473, 1605233043.6567881, 1605233055.0936711, 1605233055.927963, 
1605233059.2540519, 1605233061.5040841, 1605233065.7037339, 1605233072.845319, 
1605233073.213572, 1605233073.3841281, 1605233084.3527789, 1605233088.4833629, 
1605233093.401792, 1605233099.13396, 1605233102.5400651, 1605233105.781167, 
1605233111.6296189, 1605233116.588274, 1605233121.781673, 1605233125.918931, 
1605233127.638293, 1605233132.7893741, 1605233132.828799, 1605233134.459285, 
1605233134.5108621, 1605233135.9373059, 1605233142.976115, 1605233146.8057899, 
1605233154.0672209, 1605233162.985126, 1605233188.0795231, 1605233188.9274149, 
1605233202.8622651, 1605233207.198415, 1605233221.5913501, 1605233225.402168, 
1605233228.03882, 1605233237.245851, 1605233243.588773, 1605233273.3534811, 
1605233282.3191841, 1605233283.555541, 1605233356.3249879, 1605233427.2237661, 
1605233435.905746, 1605233444.3075769, 1605233478.5639501, 1605233530.2990739, 
1605233543.265321, 1605233567.608098, 1605233568.2687249, 1605233572.2915051, 
1605233592.0884969, 1605233601.5876529, 1605233620.21805, 1605233621.5581679, 
1605233626.608238, 1605233641.1251891, 1605233641.276974, 1605233644.5567429, 
1605233667.015383, 1605233684.657217, 1605233694.2778549, 1605233696.67819, 
1605233714.024133, 1605233719.9949639, 1605233721.30633, 1605233722.1286471, 
1605233728.5114419, 1605233735.5895181, 1605233736.0501201, 1605233739.163151, 
1605233739.4513299, 1605233743.162622, 1605233747.432595, 1605233748.754914, 
1605233749.7947259, 1605233756.2063589, 1605233760.0451469, 1605233761.834281, 
1605233765.9241359, 1605233766.2213471, 1605233769.6683741, 1605233770.0683341, 
1605233771.4512179, 1605233772.3389831, 1605233777.2735801, 1605233777.4633319, 
1605233779.0906601, 1605233790.8158, 1605233791.018301, 1605233791.809124, 
1605233792.175185, 1605233792.5797729, 1605233793.9782269, 1605233794.255383, 
1605233794.4526019, 1605233795.678782, 1605233796.7048941, 1605233796.9977951, 
1605233797.4510579, 1605233798.367815, 1605233798.4085491, 1605233799.8188219, 
1605233801.578588, 1605233802.069602, 1605233805.4345551, 1605233805.941169, 
1605233805.9960129, 1605233806.2876849, 1605233806.4792421, 1605233806.718065, 
1605233806.840651, 1605233807.3640161, 1605233807.588407, 1605233808.883518, 
1605233808.9363689, 1605233809.0671201, 1605233809.100982, 1605233809.7327311, 
1605233809.78704, 1605233810.3178389, 1605233810.6219931, 1605233811.0614531, 
1605233811.354717, 1605233811.49473, 1605233812.5985811, 1605233813.1056759, 
1605233813.1632259, 1605233813.244014, 1605233813.5417709, 1605233815.2764549, 
1605233816.0177369, 1605233816.33757, 1605233816.912895, 1605233816.9548261, 
1605233817.8364069), class = c("POSIXct", "POSIXt"))
out_signals <-
structure(c(1605233061.5040841, 1605233065.7037339, 1605233073.213572, 
1605233073.3841281, 1605233601.5876529, 1605233728.5114419, 1605233735.5895181, 
1605233736.0501201, 1605233739.163151, 1605233739.4513299, 1605233743.162622, 
1605233747.432595, 1605233748.754914, 1605233749.7947259, 1605233756.2063589, 
1605233760.0451469, 1605233761.834281, 1605233765.9241359, 1605233766.2213471, 
1605233769.6683741, 1605233770.0683341, 1605233771.4512179, 1605233772.3389831, 
1605233777.2735801, 1605233777.4633319, 1605233779.0906601, 1605233790.8158, 
1605233791.018301, 1605233791.809124, 1605233792.175185, 1605233792.5797729, 
1605233793.9782269, 1605233794.255383, 1605233794.4526019, 1605233795.678782, 
1605233796.7048941, 1605233796.9977951, 1605233797.4510579, 1605233798.367815, 
1605233798.4085491, 1605233799.8188219, 1605233801.578588, 1605233802.069602, 
1605233805.4345551, 1605233805.941169, 1605233805.9960129, 1605233806.2876849, 
1605233806.4792421, 1605233806.718065, 1605233806.840651, 1605233807.3640161, 
1605233807.588407, 1605233808.883518, 1605233808.9363689, 1605233809.0671201, 
1605233809.100982, 1605233809.7327311, 1605233809.78704, 1605233810.3178389, 
1605233810.6219931, 1605233811.0614531, 1605233811.354717, 1605233811.49473, 
1605233812.5985811, 1605233813.1056759, 1605233813.1632259, 1605233813.244014, 
1605233813.5417709, 1605233815.2764549, 1605233816.0177369, 1605233816.33757, 
1605233816.912895, 1605233816.9548261, 1605233817.8364069), class = c("POSIXct", 
"POSIXt"))
result <-
list(problems = structure(list(time = structure(logical(0), class = c("POSIXct", 
"POSIXt")), problem = character(0)), row.names = integer(0), class = "data.frame"), 
    n_signals = 74, penalty = 72.806669950485229, score = 54)
